00000201000000000000004001
00000201010000000000004001
00000201020000000000004001
00000201030000000000004001
00000201040000000000004001
00000301000000050091004101
00000301010000100092004101
00000301020000000000004101
00000301030000000000004101
00000301040000000000004101
00000401000000050017754101
00000401010000100017004101
00000401020000150016904101
00000401030000000000004101
00000401040000000000004101
00005801000000010012004101
00005801010000060011004101
00005801020000120010854101
00005801030000000000004101
00005801040000000000004101
00070001000000030004334101
00070001010000060004174101
00070001020000120004004101
00070001030000000000004101
00070001040000000000004101
00070201000000060002174101
00070201010000120002084101
00070201020000240002004101
00070201030000000000004101
00070201040000000000004101
00070401000000060002504101
00070401010000120002504101
00070401020000240002424101
00070401030000000000004101
00070401040000000000004101
00070601000000030006004101
00070601010000060006004101
00070601020000120005004101
00070601030000000000004101
00070601040000000000004101
00070801000000030003334101
00070801010000060003004101
00070801020000120002924101
00070801030000000000004101
00070801040000000000004101
00071101000000030004334101
00071101010000060004174101
00071101020000120004174101
00071101030000000000004101
00071101040000000000004101
00071301000000060003004101
00071301010000120003004101
00071301020000000000004101
00071301030000000000004101
00071301040000000000004101
00072501000000060003334101
00072501010000120003334101
00072501020000240003134101
00072501030000000000004101
00072501040000000000004101
00072701000000060003334101
00072701010000120003334101
00072701020000240003334101
00072701030000000000004101
00072701040000000000004101
00072901000000060005004101
00072901010000120005004101
00072901020000240004794101
00072901030000000000004101
00072901040000000000004101
00073101000000030008334101
00073101010000060008334101
00073101020000120008174101
00073101030000000000004101
00073101040000000000004101
00073301000000030005674101
00073301010000060005504101
00073301020000120005424101
00073301030000000000004101
00073301040000000000004101
00073801000000060004174101
00073801010000120004174101
00073801020000240004084101
00073801030000000000004101
00073801040000000000004101
00074201000000060002834101
00074201010000120002754101
00074201020000240002714101
00074201030000000000004101
00074201040000000000004101
00075501000000060005004101
00075501010000120005004101
00075501020000240005004101
00075501030000000000004101
00075501040000000000004101
00075701000000060003834101
00075701010000120003834101
00075701020000240003754101
00075701030000000000004101
00075701040000000000004101
00075901000000040013754101
00075901010000080013504101
00075901020000000000004101
00075901030000000000004101
00075901040000000000004101
00076101000000060005004101
00076101010000120004904101
00076101020000240004854101
00076101030000000000004101
00076101040000000000004101
00076301000000060003004101
00076301010000120002924101
00076301020000240002714101
00076301030000000000004101
00076301040000000000004101
00076601000000030007674101
00076601010000060007174101
00076601020000120007084101
00076601030000000000004101
00076601040000000000004101
00076901000000060008334101
00076901010000120006674101
00076901020000000000004101
00076901030000000000004101
00076901040000000000004101
00078301000000060006674101
00078301010000120006674101
00078301020000240006674101
00078301030000000000004101
00078301040000000000004101
00078501000000060001834101
00078501010000120001834101
00078501020000240001754101
00078501030000000000004101
00078501040000000000004101
00079701000000060004584101
00079701010000120004584101
00079701020000240004584101
00079701030000000000004101
00079701040000000000004101
00083201000000060004584101
00083201010000120004584101
00083201020000240004584101
00083201030000000000004101
00083201040000000000004101
00083401000000060003674101
00083401010000120003584101
00083401020000240003544101
00083401030000000000004101
00083401040000000000004101
00083601000000020008754101
00083601010000040008754101
00083601020000080008754101
00083601030000000000004101
00083601040000000000004101
00083801000000060003004101
00083801010000120003004101
00083801020000240003004101
00083801030000000000004101
00083801040000000000004101
00084901000000060002834101
00084901010000120002754101
00084901020000240002714101
00084901030000000000004101
00084901040000000000004101
00085101000000060003004101
00085101010000120002924101
00085101020000240002714101
00085101030000000000004101
00085101040000000000004101
00085501000000030009334101
00085501010000060009174101
00085501020000120008754101
00085501030000000000004101
00085501040000000000004101
00086701000000000000004101
00086701010000000000004101
00086701020000000000004101
00086701030000000000004101
00086701040000000000004101
00086901000000060004174101
00086901010000120004174101
00086901020000240003964101
00086901030000000000004101
00086901040000000000004101
00087101000000060003674101
00087101010000120002754101
00087101020000240002714101
00087101030000000000004101
00087101040000000000004101
00088501000000060030834101
00088501010000000000004101
00088501020000000000004101
00088501030000000000004101
00088501040000000000004101
00088801000000060008004101
00088801010000120005834101
00088801020000240005834101
00088801030000000000004101
00088801040000000000004101
00090901000000020010004101
00090901010000040010004101
00090901020000080009384101
00090901030000000000004101
00090901040000000000004101
00091101000000060003674101
00091101010000120003584101
00091101020000240003544101
00091101030000000000004101
00091101040000000000004101
00091401000000060002174101
00091401010000120002084101
00091401020000240002004101
00091401030000000000004101
00091401040000000000004101
00092701000000060004174101
00092701010000120004174101
00092701020000240004174101
00092701030000000000004101
00092701040000000000004101
00092901000000020010004101
00092901010000040010004101
00092901020000080009384101
00092901030000000000004101
00092901040000000000004101
00093101000000060004174101
00093101010000120004174101
00093101020000240004174101
00093101030000000000004101
00093101040000000000004101
00094501000000060007504101
00094501010000120006504101
00094501020000000000004101
00094501030000000000004101
00094501040000000000004101
