00005801000000010012004001
00005801010000060011004001
00005801020000120010854001
00005801030000000000004001
00005801040000000000004001
00006101000000120004854001
00006101010000150004834001
00006101020000000000004001
00006101030000000000004001
00006101040000000000004001
00012801000000140005294101
00012801010000000000004101
00012801020000000000004101
00012801030000000000004101
00012801040000000000004101
00013301000000030018004001
00013301010000060017004001
00013301020000000000004001
00013301030000000000004001
00013301040000000000004001
00070001000000030004504001
00070001010000060004004001
00070001020000000000004001
00070001030000000000004001
00070001040000000000004001
00070201000000060003004001
00070201010000120002004001
00070201020000000000004001
00070201030000000000004001
00070201040000000000004001
00070401000000060003004001
00070401010000120002414001
00070401020000000000004001
00070401030000000000004001
00070401040000000000004001
00070601000000030006004001
00070601010000060006004001
00070601020000120005004001
00070601030000000000004001
00070601040000000000004001
00070801000000000000004001
00070801010000000000004001
00070801020000000000004001
00070801030000000000004001
00070801040000000000004001
00071101000000030004704001
00071101010000060004334001
00071101020000000000004001
00071101030000000000004001
00071101040000000000004001
00071301000000060003504001
00071301010000120003004001
00071301020000000000004001
00071301030000000000004001
00071301040000000000004001
00071901000000060005004001
00071901010000120004584001
00071901020000000000004001
00071901030000000000004001
00071901040000000000004001
00072501000000060005004001
00072501010000120003834001
00072501020000000000004001
00072501030000000000004001
00072501040000000000004001
00072701000000060005004001
00072701010000120003954001
00072701020000000000004001
00072701030000000000004001
00072701040000000000004001
00072901000000060005004001
00072901010000120005004001
00072901020000240004794001
00072901030000000000004001
00072901040000000000004001
00073101000000030011004001
00073101010000060009334001
00073101020000000000004001
00073101030000000000004001
00073101040000000000004001
00073301000000030007004001
00073301010000060005624001
00073301020000000000004001
00073301030000000000004001
00073301040000000000004001
00073801000000060005504001
00073801010000120004664001
00073801020000000000004001
00073801030000000000004001
00073801040000000000004001
00074001000000050003004001
00074001010000090002224001
00074001020000000000004001
00074001030000000000004001
00074001040000000000004001
00074201000000060002834001
00074201010000120002754001
00074201020000240002714001
00074201030000000000004001
00074201040000000000004001
00075501000000060005004001
00075501010000120005004001
00075501020000240005004001
00075501030000000000004001
00075501040000000000004001
00075701000000060004504001
00075701010000120003914001
00075701020000000000004001
00075701030000000000004001
00075701040000000000004001
00075901000000040013754001
00075901010000080013504001
00075901020000000000004001
00075901030000000000004001
00075901040000000000004001
00076101000000060005504001
00076101010000120004584001
00076101020000000000004001
00076101030000000000004001
00076101040000000000004001
00076301000000060003804001
00076301010000120003584001
00076301020000000000004001
00076301030000000000004001
00076301040000000000004001
00076601000000030009004001
00076601010000060007664001
00076601020000000000004001
00076601030000000000004001
00076601040000000000004001
00076901000000060008004001
00076901010000120007084001
00076901020000000000004001
00076901030000000000004001
00076901040000000000004001
00078301000000060006674001
00078301010000120006674001
00078301020000240006674001
00078301030000000000004001
00078301040000000000004001
00078501000000060002304001
00078501010000120001914001
00078501020000000000004001
00078501030000000000004001
00078501040000000000004001
00079701000000060005704001
00079701010000120005414001
00079701020000000000004001
00079701030000000000004001
00079701040000000000004001
00083201000000060004584001
00083201010000120004584001
00083201020000240004584001
00083201030000000000004001
00083201040000000000004001
00083401000000020000354001
00083401010000060004504001
00083401020000120003544001
00083401030000000000004001
00083401040000000000004001
00083601000000020010004001
00083601010000040008504001
00083601020000000000004001
00083601030000000000004001
00083601040000000000004001
00083801000000060003504001
00083801010000120002874001
00083801020000000000004001
00083801030000000000004001
00083801040000000000004001
00084901000000060004004001
00084901010000120003004001
00084901020000000000004001
00084901030000000000004001
00084901040000000000004001
00085101000000060003004001
00085101010000120002924001
00085101020000240002714001
00085101030000000000004001
00085101040000000000004001
00085501000000030010504001
00085501010000060009174001
00085501020000000000004001
00085501030000000000004001
00085501040000000000004001
00085901000000020010004001
00085901010000040007124001
00085901020000000000004001
00085901030000000000004001
00085901040000000000004001
00086701000000060004504001
00086701010000120003664001
00086701020000000000004001
00086701030000000000004001
00086701040000000000004001
00086901000000000000004001
00086901010000000000004001
00086901020000000000004001
00086901030000000000004001
00086901040000000000004001
00087101000000060003204001
00087101010000120002704001
00087101020000000000004001
00087101030000000000004001
00087101040000000000004001
00088501000000060030834001
00088501010000000000004001
00088501020000000000004001
00088501030000000000004001
00088501040000000000004001
00088801000000060007304001
00088801010000120006454001
00088801020000000000004001
00088801030000000000004001
00088801040000000000004001
00090901000000020012004001
00090901010000040009754001
00090901020000000000004001
00090901030000000000004001
00090901040000000000004001
00091101000000060005004001
00091101010000120003664001
00091101020000000000004001
00091101030000000000004001
00091101040000000000004001
00091401000000060002604001
00091401010000120002294001
00091401020000000000004001
00091401030000000000004001
00091401040000000000004001
00091601000000060005304001
00091601010000120004584001
00091601020000000000004001
00091601030000000000004001
00091601040000000000004001
00092101000000060001924001
00092101010000120001874001
00092101020000000000004001
00092101030000000000004001
00092101040000000000004001
00092701000000060004604001
00092701010000120004164001
00092701020000000000004001
00092701030000000000004001
00092701040000000000004001
00092901000000020011004001
00092901010000040009754001
00092901020000000000004001
00092901030000000000004001
00092901040000000000004001
00093101000000060004604001
00093101010000120004174001
00093101020000000000004001
00093101030000000000004001
00093101040000000000004001
00094501000000060007504001
00094501010000120006454001
00094501020000000000004001
00094501030000000000004001
00094501040000000000004001
00094901000000030009504001
00094901010000060008754001
00094901020000000000004001
00094901030000000000004001
00094901040000000000004001
